YFwb030430_2.fits  721 2013  2  4 16 29  17.1  25.0  2456328.187148  36.157274    0  733.779 1239.632   7  8 55.4174  -6 22   3.120   -0.001    0.060
YFwb030428_2.fits  738 2013  2  4 16 27  57.9  25.0  2456328.186231  36.028071    0  726.122 1251.407   7  8 55.5857  -6 22   5.634    0.001    0.029
YFwb030427_2.fits  741 2013  2  4 16 27  18.2  25.0  2456328.185772  35.964205    0  722.877 1256.368   7  8 55.6689  -6 22   6.878   -0.015    0.029
YFwb030426_2.fits  721 2013  2  4 16 26  38.4  25.0  2456328.185311  35.900786    0  718.072 1260.017   7  8 55.7549  -6 22   8.109    0.007    0.046
YFwb030425_2.fits  702 2013  2  4 16 25  56.7  25.0  2456328.184829  35.834994    0  714.151 1264.547   7  8 55.8454  -6 22   9.399    0.036    0.063
YFwb030424_2.fits  738 2013  2  4 16 25  17.3  25.0  2456328.184373  35.773451    0  709.372 1268.009   7  8 55.9284  -6 22  10.636    0.026    0.061
YFwb030423_2.fits  704 2013  2  4 16 24  37.6  25.0  2456328.183913  35.712052    0  705.830 1272.697   7  8 56.0116  -6 22  11.907    0.010    0.033
YFwb030422_2.fits  707 2013  2  4 16 23  58.3  25.0  2456328.183458  35.651879    0  701.758 1277.002   7  8 56.0954  -6 22  13.136    0.015    0.036
YFwb030421_2.fits  708 2013  2  4 16 23  18.6  25.0  2456328.182999  35.593620    0  697.963 1281.505   7  8 56.1799  -6 22  14.356    0.018    0.060
YFwb030419_2.fits  698 2013  2  4 16 21  56.7  25.0  2456328.182051  35.469564    0  689.636 1289.474   7  8 56.3534  -6 22  16.909    0.009    0.072
YFwb030418_2.fits  693 2013  2  4 16 21  17.0  25.0  2456328.181591  35.411319    0  685.263 1294.712   7  8 56.4373  -6 22  18.178    0.003    0.047
YFwb030417_2.fits  714 2013  2  4 16 20  37.6  25.0  2456328.181135  35.354140    0  681.790 1299.942   7  8 56.5206  -6 22  19.403   -0.005    0.056
YFwb030416_2.fits  728 2013  2  4 16 19  57.9  25.0  2456328.180676  35.297160    0  676.818 1305.296   7  8 56.6069  -6 22  20.658    0.024    0.045
YFwb030415_2.fits  752 2013  2  4 16 19  16.0  25.0  2456328.180191  35.239579    0  673.420 1311.353   7  8 56.6942  -6 22  21.948   -0.003    0.068
YFwb030414_2.fits  740 2013  2  4 16 18  36.4  25.0  2456328.179733  35.182194    0  667.286 1315.078   7  8 56.7782  -6 22  23.196   -0.006    0.061
YFwb030413_2.fits  661 2013  2  4 16 17  56.6  25.0  2456328.179272  35.127040    0  663.408 1318.675   7  8 56.8634  -6 22  24.438    0.003    0.065
YFwb030412_2.fits  731 2013  2  4 16 17  17.0  25.0  2456328.178814  35.072810    0  659.223 1323.458   7  8 56.9490  -6 22  25.673    0.023    0.071
YFwb030411_2.fits  703 2013  2  4 16 16  37.1  25.0  2456328.178352  35.018826    0  654.304 1328.538   7  8 57.0334  -6 22  26.951    0.016    0.043
YFwb030410_2.fits  765 2013  2  4 16 15  49.8  25.0  2456328.177804  34.955687    0  648.919 1333.932   7  8 57.1338  -6 22  28.421    0.013    0.055
YFwb030409_2.fits  698 2013  2  4 16 15  10.5  25.0  2456328.177350  34.903939    0  645.195 1338.012   7  8 57.2173  -6 22  29.648    0.011    0.058
YFwb030405_2.fits  751 2013  2  4 16 12  30.0  25.0  2456328.175492  34.699365    0  627.161 1353.891   7  8 57.5577  -6 22  34.683   -0.007    0.050
YFwb030404_2.fits  669 2013  2  4 16 11  50.5  25.0  2456328.175035  34.650699    0  620.779 1357.752   7  8 57.6454  -6 22  35.959    0.047    0.011
YFwb030403_2.fits  732 2013  2  4 16 11  10.8  25.0  2456328.174575  34.604230    0  616.877 1363.332   7  8 57.7262  -6 22  37.117   -0.008    0.096
YFwb030402_2.fits  747 2013  2  4 16 10  30.7  25.0  2456328.174111  34.554428    0  612.191 1368.783   7  8 57.8138  -6 22  38.429    0.025    0.040
YFwb030401_2.fits  702 2013  2  4 16  9  51.3  25.0  2456328.173655  34.507911    0  607.970 1373.716   7  8 57.8957  -6 22  39.648   -0.004    0.054
YFwb030400_2.fits  715 2013  2  4 16  9   6.3  25.0  2456328.173134  34.455609    0  601.579 1378.861   7  8 57.9919  -6 22  41.098    0.001    0.013
YFwb030399_2.fits  740 2013  2  4 16  8  26.7  25.0  2456328.172676  34.412047    0  596.929 1383.156   7  8 58.0762  -6 22  42.292   -0.000    0.059
YFwb030398_2.fits  722 2013  2  4 16  7  47.0  25.0  2456328.172216  34.365594    0  591.712 1386.793   7  8 58.1599  -6 22  43.539   -0.012    0.054
YFwb030397_2.fits  770 2013  2  4 16  7   7.7  25.0  2456328.171762  34.323726    0  587.283 1391.729   7  8 58.2451  -6 22  44.797    0.008    0.028
YFwb030396_2.fits  736 2013  2  4 16  6  28.0  25.0  2456328.171302  34.278672    0  581.499 1395.403   7  8 58.3302  -6 22  46.034    0.016    0.033
YFwb030395_2.fits  750 2013  2  4 16  5  42.6  25.0  2456328.170777  34.229970    0  576.674 1401.096   7  8 58.4264  -6 22  47.458    0.008    0.031
YFwb030394_2.fits  769 2013  2  4 16  5   2.8  25.0  2456328.170316  34.188031    0  570.810 1404.808   7  8 58.5094  -6 22  48.667   -0.019    0.067
YFwb030393_2.fits  760 2013  2  4 16  4  23.2  25.0  2456328.169858  34.147006    0  566.280 1410.060   7  8 58.5953  -6 22  49.919    0.004    0.054
YFwb030392_2.fits  779 2013  2  4 16  3  43.9  25.0  2456328.169403  34.108660    0  560.252 1413.919   7  8 58.6801  -6 22  51.172    0.019    0.032
YFwb030391_2.fits  819 2013  2  4 16  3   4.3  25.0  2456328.168944  34.067365    0  555.740 1418.615   7  8 58.7625  -6 22  52.392   -0.011    0.051
YFwb030390_2.fits  855 2013  2  4 16  1   1.8  25.0  2456328.167527  33.950934    0  540.199 1430.134   7  8 59.0252  -6 22  56.233    0.012    0.043
YFwb030389_2.fits  769 2013  2  4 15 59  53.8  20.0  2456328.166711  33.884450    0  531.550 1438.547   7  8 59.1748  -6 22  58.422    0.002    0.060
YFwb030387_2.fits 1280 2013  2  4 15 57  50.0  20.0  2456328.165278  33.777700    0  514.296 1456.437   7  8 59.4401  -6 23   2.298    0.021    0.058
YFwb030386_2.fits 1277 2013  2  4 15 57  15.4  20.0  2456328.164877  33.748680    0  509.481 1460.544   7  8 59.5133  -6 23   3.386    0.011    0.052
YFwb030385_2.fits 1267 2013  2  4 15 56  40.7  20.0  2456328.164476  33.720135    0  505.747 1464.660   7  8 59.5859  -6 23   4.445   -0.011    0.078
YFwb030384_2.fits 1259 2013  2  4 15 56   6.0  20.0  2456328.164074  33.692151    0  501.289 1467.765   7  8 59.6627  -6 23   5.578    0.031    0.032
YFwb030383_2.fits 1289 2013  2  4 15 55  25.1  20.0  2456328.163601  33.659890    0  496.024 1472.065   7  8 59.7491  -6 23   6.854    0.018    0.035
YFwb030382_2.fits 1270 2013  2  4 15 54  50.4  20.0  2456328.163199  33.633134    0  490.683 1475.905   7  8 59.8242  -6 23   7.937    0.033    0.037
YFwb030381_2.fits 1272 2013  2  4 15 54  15.6  20.0  2456328.162796  33.606868    0  487.065 1479.157   7  8 59.8976  -6 23   9.009    0.021    0.054
YFwb030380_2.fits 1243 2013  2  4 15 53  41.0  20.0  2456328.162396  33.581319    0  482.366 1482.115   7  8 59.9725  -6 23  10.072    0.037    0.073
YFwb030379_2.fits 1267 2013  2  4 15 53   6.3  20.0  2456328.161994  33.556264    0  478.433 1486.408   7  9  0.0466  -6 23  11.187    0.037    0.044
YFwb030378_2.fits 1254 2013  2  4 15 52  26.3  20.0  2456328.161531  33.528088    0  473.250 1490.094   7  9  0.1307  -6 23  12.396    0.019    0.086
YFwb030377_2.fits 1254 2013  2  4 15 51  51.6  20.0  2456328.161130  33.504260    0  469.216 1494.728   7  9  0.2059  -6 23  13.530    0.035    0.038
YFwb030376_2.fits 1259 2013  2  4 15 51  17.0  20.0  2456328.160729  33.481071    0  464.198 1496.917   7  9  0.2795  -6 23  14.622    0.032    0.028
YFwb030375_2.fits 1257 2013  2  4 15 50  42.4  20.0  2456328.160329  33.458452    0  461.123 1500.913   7  9  0.3512  -6 23  15.662    0.000    0.070
YFwb030374_2.fits 1142 2013  2  4 15 50   7.7  20.0  2456328.159927  33.436340    0  456.995 1503.405   7  9  0.4251  -6 23  16.736   -0.003    0.082
YFwb030373_2.fits 1169 2013  2  4 15 49   3.1  20.0  2456328.159179  33.497717    0  462.750  250.683   7  9  0.5641  -6 23  18.753    0.013    0.085
YFwb030372_2.fits 1198 2013  2  4 15 48  28.4  20.0  2456328.158778  33.477307    0  458.557  254.902   7  9  0.6373  -6 23  19.875    0.000    0.048
YFwb030371_2.fits 1207 2013  2  4 15 47  53.7  20.0  2456328.158376  33.457474    0  454.059  258.538   7  9  0.7127  -6 23  20.979    0.020    0.028
YFwb030370_2.fits 1202 2013  2  4 15 47  19.1  20.0  2456328.157976  33.438274    0  449.997  261.622   7  9  0.7845  -6 23  22.002   -0.011    0.087
YFwb030369_2.fits 1210 2013  2  4 15 46  44.4  20.0  2456328.157574  33.419597    0  446.409  265.620   7  9  0.8598  -6 23  23.134    0.006    0.041
YFwb030367_2.fits 1215 2013  2  4 15 44  47.8  20.0  2456328.156225  33.330269    0  427.385  697.707   7  9  1.1102  -6 23  26.755    0.026    0.065
YFwb030366_2.fits 1212 2013  2  4 15 44  12.4  20.0  2456328.155815  33.313796    0  423.700  702.020   7  9  1.1859  -6 23  27.851    0.028    0.076
YFwb030364_2.fits 1218 2013  2  4 15 43   3.7  20.0  2456328.155020  33.283563    0  415.252  709.073   7  9  1.3312  -6 23  30.023    0.007    0.051
YFwb030363_2.fits 1174 2013  2  4 15 41  43.4  20.0  2456328.154090  33.242921    0 1246.187  726.068   7  9  1.5016  -6 23  32.509   -0.010    0.075
YFwb030362_2.fits 1199 2013  2  4 15 41   9.1  20.0  2456328.153693  33.230294    0 1242.380  729.697   7  9  1.5745  -6 23  33.605   -0.017    0.050
YFwb030361_2.fits 1227 2013  2  4 15 40  34.7  20.0  2456328.153295  33.218209    0 1237.829  732.860   7  9  1.6495  -6 23  34.666    0.005    0.065
YFwb030360_2.fits 1214 2013  2  4 15 40   0.4  20.0  2456328.152898  33.206737    0 1234.468  735.562   7  9  1.7217  -6 23  35.730   -0.011    0.073
YFwb030359_2.fits 1190 2013  2  4 15 39  26.1  20.0  2456328.152501  33.195840    0 1230.889  738.999   7  9  1.7961  -6 23  36.845    0.006    0.030
YFwb030358_2.fits 1204 2013  2  4 15 35   6.2  20.0  2456328.149493  33.132075    0 1203.814  768.672   7  9  2.3497  -6 23  44.937   -0.020    0.060
YFwb030357_2.fits 1046 2013  2  4 15 33  10.1  20.0  2456328.148149  33.114353    0 1191.502  780.750   7  9  2.5980  -6 23  48.563   -0.018    0.061
